OPERATOR_ID=0.0.7250907
OPERATOR_PRIVATE_KEY=64fdb6dd0096cc113754b231ed28f20a7386232181b758997fdbdd393c20774e

RECIPIENT_ID=0.0.7169118
RECIPIENT_PRIVATE_KEY=c838182292f9d3a9a3f8e284af63d65119c8c107cc70845f828c85991245512f

TOKEN_ID=0.0.834116 # Only if you're transferring tokens
